100 50
0000000000000000011100000000000000000000000000000000000000000000000000000000000000000000000000000000
0000000000000000111100000000001110000000000000000000000000000000000000000000000000000000000000000000
0000000000000000000000000000011110000000000000000000000000000000000000000000000000000000000000000000
0000000000000000000000000000000000000000000000000000000000000000000000000000000000000000000000000000
0000000000000000000000000000000000000000000000011111111111110000000000000000000000000000000000000000
0000000000000000000000000000111000000000100000010001111111110000000000000000000000000000000000000000
0000000000000000000000000001111000000000100111111111111100000000000000000000000000000000000000000000
00000000000000000000000000111000000000001001000111111111000000000000000000000000000000000000000000000
0000000000000000000000000001000011111111111110011000000000000000000000000000000000000000000000000000
0000000000000000000000000001000010001111111111000000000000000000000000000000000000000000000000000000
0000000000000000000000000001011110000000000111111111111111000000000000000000000000000000000000000000
0000000000000000000000000011111111100000000001000111111111000000000000000000000000000000000000000000
0000000000000000000000000010000011000000000001011111111111110000000000000000000000000000000000000000
0000000000000000000000000010000000000000000001110001111111110000000000000000000000000000000000000000
0000000000000000000000000010000000000000000001110000000000000000000000000000000000000000000000000000
0000000000000000000000000010000000000000000000011100000000000000000000000000000000000000000000000000
0000000000000000000000000010000000000000000000011111111111111100000000000000000000000000000000000000
0000000000000000000000000010111111111111100000000100011111111100000000000000000000000000000000000000
0000000000000000000000000010100011111111100000000100000000000000000000000000000000000000000000000000
0000000000000000000000000010100000000000000000000111000000000000000000000000000000000000000000000000
0000000000000000000000000010111000000000000000000110000000000000000000000000000000000000000000000000
0000000000000000000000000010110000000000000000000000000000000000000000000000000000000000000000000000
0000000000000000000000000000000000000000000000000000000000000000000000000000000000000000000000000000
0000000000000000000000000001000000000000000000000000000000000000000000000000000000000000000000000000
0000000000000000000000000011000000000000000000000000000000000000000000000000000000000000000000000000
0000000000000000000000000010000000000000000000000000000000000000000000000000000000000000000000000000
0000000000000000000000000000000000000000000000000000000000000000000000000000000000000000000000000000
0000000000000000000000000011000000000000000000000000000000000000000000000000000000000000000000000000
0000000000000000000000000000000000000000000000000000000000000000000000000000000000000000000000000000
0000000000000000000000000001110000000000000000000000000000000000000000000000000000000000000000000000
0000000000000000000000000011110000000000000000000000000000000000000000000000000000000000000000000000
0000000000000000000000000000001111111111111000000000000000000000000000000000000000000000000000000000
0000000000000000000000000000001000111111111000000000000000000000000000000000000000000000000000000000
0000000000000000000000000000001111111111111111111111111100000000000000000000000000000000000000000000
0000000000000000000000000000001110011111111100011111111100000000000000000000000000000000000000000000
0000000000000000000000000000111111111111100100000000000000000000000000000000000000000000000000000000
0000000000000000000000000000100111111111100111000000000000000000000000000000000000000000000000000000
0000000000000000000000000000100110000000000110000000000000000000000000000000000000000000000000000000
0000000000000000000000000000111000000000000000000000000000000000000000000000000000000000000000000000
0000000000000000000000000000110001111111111111000000000000000000000000000000000000000000000000000000
0000000000000000000000000001111111111111111111000000000000000000000000000000000000000000000000000000
0000000000000000000000000001000111111111000001111111111111000000000000000000000000000000000000000000
0000000000000000000000000111111111111100000001000111111111000000000000000000000000000000000000000000
0000000000000000000000000101111111111100000001000000000000000000000000000000000000000000000000000000
0000000000000000000000000101100000000000000001110000000000000000000000000000000000000000000000000000
0000000000000000000000000111000000000000000001100000000000000000000000000000000000000000000000000000
0000000000000000000000000110000000000001110000000000000000000000000000000000000000000000000000000000
0000000000000000000000000000011111111111110000000000000000000000000000000000000000000000000000000000
0000000000000000000000000000010001111111110000000000000000000000000000000000000000000000000000000000
0000000000000000000000011111111111110000000000000000000000000000000000000000000000000000000000000000
0000000000000000000000010001111111110000000000000000000000000000000000000000000000000000000000000000
0000000000000000000001111111111111000000000000000000000000000000000000000000000000000000000000000000
0000000000000000000001011111111111000000000000000000000000000000000000000000000000000000000000000000
0000000000000000000111111111111100000000000000000000000000000000000000000000000000000000000000000000
0000000000000000000101111111111100000000000000000000000000000000000000000000000000000000000000000000
0000000000000000011111111111110000000000000000000000000000000000000000000000000000000000000000000000
0000000000000000010111111111110000000000000000000000000000000000000000000000000000000000000000000000
0000000000000001111111111111000000000000000000000000000000000000000000000000000000000000000000000000
0000000000000001011111111111000000000000000000000000000000000000000000000000000000000000000000000000
0000000000000111111111111100000000000000000000000000000000000000000000000000000000000000000000000000
0000000000000101111111111100000000000000000000000000000000000000000000000000000000000000000000000000
0000000000000101100000000000000000000000000000000000000000000000000000000000000000000000000000000000
0000000000000111000000000000000000000000000000000000000000000000000000000000000000000000000000000000
0000000000000110000000000000000000000000000000000000000000000000000000000000000000000000000000000000
0000000000000000000000000000000000000000000000000000000000000000000000000000000000000000000000000000
0000000000000000000000000000000000000000000000000000000000000000000000000000000000000000000000000000
0000000000000000000000000000000000000000000000000000000000000000000000000000000000000000000000000000
0000000000000000000000000000000000000000000000000000000000000000000000000000000000000000000000000000
0000000000000000000000000000000000000000000000000000000000000000000000000000000000000000000000000000
0000000000000000000000000000000000000000000000000000000000000000000000000000000000000000000000000000
0000000000000000000000000000000000000000000000000000000000000000000000000000000000000000000000000000
0000000000000000000000000000000000000000000000000000000000000000000000000000000000000000000000000000
0000000000000000000000000000000000000000000000000000000000000000000000000000000000000000000000000000
0000000000000000000000000000000000000000000000000000000000000000000000000000000000000000000000000000
0000000000000000000000000000000000000000000000000000000000000000000000000000000000000000000000000000
0000000000000000000000000000000000000000000000000000000000000000000000000000000000000000000000000000
0000000000000000000000000000000000000000000000000000000000000000000000000000000000000000000000000000
0000000000000000000000000000000000000000000000000000000000000000000000000000000000000000000000000000
0000000000000000000000000000000000000000000000000000000000000000000000000000000000000000000000000000
0000000000000000000000000000000000000000000000000000000000000000000000000000000000000000000000000000
0000000000000000000000000000000000000000000000000000000000000000000000000000000000000000000000000000
0000000000000000000000000000000000000000000000000000000000000000000000000000000000000000000000000000
0000000000000000000000000000000000000000000000000000000000000000000000000000000000000000000000000000
0000000000000000000000000000000000000000000000000000000000000000000000000000000000000000000000000000
0000000000000000000000000000000000000000000000000000000000000000000000000000000000000000000000000000
0000000000000000000000000000000000000000000000000000000000000000000000000000000000000000000000000000
0000000000000000000000000000000000000000000000000000000000000000000000000000000000000000000000000000
0000000000000000000000000000000000000000000000000000000000000000000000000000000000000000000000000000
0000000000000000000000000000000000000000000000000000000000000000000000000000000000000000000000000000
0000000000000000000000000000000000000000000000000000000000000000000000000000000000000000000000000000
0000000000000000000000000000000000000000000000000000000000000000000000000000000000000000000000000000
0000000000000000000000000000000000000000000000000000000000000000000000000000000000000000000000000000
0000000000000000000000000000000000000000000000000000000000000000000000000000000000000000000000000000
0000000000000000000000000000000000000000000000000000000000000000000000000000000000000000000000000000
0000000000000000000000000000000000000000000000000000000000000000000000000000000000000000000000000000
0000000000000000000000000000000000000000000000000000000000000000000000000000000000000000000000000000
0000000000000000000000000000000000000000000000000000000000000000000000000000000000000000000000000000
0000000000000000000000000000000000000000000000000000000000000000000000000000000000000000000000000000
0000000000000000000000000000000000000000000000000000000000000000000000000000000000000000000000000000
0000000000000000000000000000000000000000000000000000000000000000000000000000000000000000000000000000
0000000000000000000000000000000000000000000000000000000000000000000000000000000000000000000000000000
0000000000000000000000000000000000000000000000000000000000000000000000000000000000000000000000000000
